import time
import numpy as np
import random as rd

from IAlgorithm import IAlgorithm

#Le refaire en fonction d'un agent en particulier car sinon on ne peut pas faire d'appel tranquille

class NaiveAlgorithmRT(IAlgorithm):
    """
    This class implements the real time greedy Multiagent

    Attributes:
        nb_agents : The number of agents
        distance_matrix : the "complete_adjacency_matrix" attribute from the Graph Class.

    """

    def __init__(self, distance_matrix, nb_agents):
        self.distance_matrix = distance_matrix
        self.nb_nodes = distance_matrix.shape[0]
        self.nb_agents = nb_agents
        self.paths = [[] for _ in range(nb_agents)]  # Chemins de chaque agent
        self.positions = [0] * nb_agents  # Position actuelle de chaque agent (commencent au nœud 0)
        self.visited = [False] * self.nb_nodes  # Les nœuds déjà visités
        self.oisivete = [0] * self.nb_nodes  # Oisiveté de chaque nœud
        self.targets = [None] * nb_agents  # Prochains nœuds cibles pour chaque agent
    
    def find_next_node(self, agent_id):

        current_node = self.positions[agent_id]
        min_distance = float('inf')
        nearest_node = None
        max_oisivete = -1  # Pour garder trace de l'oisiveté maximale en cas d'égalité de distance

        # Rechercher le nœud non visité (et non réservé) avec la plus grande oisiveté
        for i in range(self.nb_nodes):
            if not self.visited[i] and i not in self.targets:  # Éviter les nœuds déjà visités ou réservés
                distance = self.distance_matrix[current_node][i]
                if distance < min_distance:
                    nearest_node = i
                    min_distance = distance
                    max_oisivete = self.oisivete[i]
                elif distance == min_distance:
                    # Si deux nœuds ont la même distance, choisir celui avec la plus grande oisiveté
                    if self.oisivete[i] > max_oisivete:
                        nearest_node = i
                        max_oisivete = self.oisivete[i]
        
        return nearest_node

    def update_targets(self):
        for agent_id in range(self.nb_agents):
            if self.targets[agent_id] is None or self.visited[self.targets[agent_id]]:
                # Recalculer le prochain nœud uniquement si l'agent n'a pas encore de cible ou que sa cible est déjà visitée
                next_node = self.find_next_node(agent_id)
                self.targets[agent_id] = next_node

    def resolve_conflicts(self):
        # Si plusieurs agents ciblent le même nœud, résoudre le conflit par priorité d'index d'agent
        target_count = {}
        for target in self.targets:
            if target is not None:
                if target not in target_count:
                    target_count[target] = 0
                target_count[target] += 1
        
        for target, count in target_count.items():
            if count > 1:
                # Si plusieurs agents ciblent le même nœud, forcer les autres agents à recalculer
                conflicted_agents = [i for i in range(self.nb_agents) if self.targets[i] == target]
                # Le premier agent garde la cible, les autres doivent recalculer
                for i in conflicted_agents[1:]:
                    self.targets[i] = None

    def step(self):
        # Mise à jour des cibles pour chaque agent
        self.update_targets()
        
        # Résoudre les conflits de cibles
        self.resolve_conflicts()
        
        # Faire avancer les agents et mettre à jour les oisivetés
        for node_id in range(self.nb_nodes):
            if not self.visited[node_id]:
                self.oisivete[node_id] += 1  # Augmenter l'oisiveté de tous les nœuds non visités

        for agent_id in range(self.nb_agents):
            target = self.targets[agent_id]
            if target is not None:
                # Déplacer l'agent vers le nœud cible
                self.positions[agent_id] = target
                self.paths[agent_id].append(target)
                self.visited[target] = True  # Marquer le nœud comme visité
                self.oisivete[target] = 0  # Réinitialiser l'oisiveté du nœud visité

    def launch(self):
        self.step()
        
        # Retourner chaque agent à son point de départ pour fermer le cycle
        for agent_id in range(self.nb_agents):
            self.paths[agent_id].append(self.paths[agent_id][0])

        print(f"Chemins finaux : {self.paths}")
        return self.paths




    

def main():
    nb_agents = 5

    distance_matrix = [
        [0.0, 54.0, 129.0, 183.0, 267.0, 311.0, 164.0, 264.0, 257.0, 208.0, 134.0, 176.0, 269.0, 169.0, 262.0, 227.00537618869137, 206.0, 299.0, 172.0, 215.0, 281.0, 406.0, 342.0, 270.0, 578.0016834969122, 713.0016834969122, 627.0016834969122, 850.0016834969122, 936.0016834969122, 391.0, 318.0, 246.0, 304.0, 381.0, 309.0, 347.0, 100.0, 164.0, 54.0, 537.0, 227.0, 499.0, 575.0, 455.0, 531.0, 494.0, 566.0, 637.0, 708.0, 597.0, 526.0, 610.0, 752.0, 681.0, 376.0, 746.0, 747.0, 686.0, 605.0, 534.0, 464.0, 522.0, 593.0, 664.0, 668.0, 803.0016834969122, 694.0016834969122, 906.0016834969122, 791.0016834969122, 740.0016834969122, 939.0016834969122, 1032.0016834969122, 1028.0016834969122],
        [54.0, 0.0, 183.0, 129.0, 213.0, 257.0, 110.0, 210.0, 203.0, 154.0, 188.0, 230.0, 323.0, 223.0, 316.0, 281.00537618869134, 260.0, 353.0, 226.0, 269.0, 335.0, 460.0, 396.0, 324.0, 632.0016834969122, 767.0016834969122, 681.0016834969122, 904.0016834969122, 990.0016834969122, 445.0, 372.0, 300.0, 358.0, 435.0, 363.0, 401.0, 154.0, 218.0, 108.0, 591.0, 281.0, 445.0, 521.0, 401.0, 477.0, 548.0, 620.0, 691.0, 762.0, 651.0, 580.0, 664.0, 806.0, 735.0, 430.0, 800.0, 801.0, 740.0, 659.0, 588.0, 518.0, 576.0, 647.0, 718.0, 722.0, 857.0016834969122, 748.0016834969122, 960.0016834969122, 845.0016834969122, 794.0016834969122, 993.0016834969122, 1086.0016834969122, 1082.0016834969122],
        [129.0, 183.0, 0.0, 54.0, 396.0, 440.0, 293.0, 393.0, 386.0, 337.0, 263.0, 305.0, 398.0, 298.0, 391.0, 356.00537618869134, 335.0, 428.0, 301.0, 344.0, 410.0, 535.0, 471.0, 399.0, 707.0016834969122, 842.0016834969122, 756.0016834969122, 979.0016834969122, 1065.0016834969122, 520.0, 447.0, 375.0, 433.0, 510.0, 438.0, 476.0, 229.0, 293.0, 183.0, 666.0, 356.0, 628.0, 704.0, 584.0, 660.0, 623.0, 695.0, 766.0, 837.0, 726.0, 655.0, 739.0, 881.0, 810.0, 505.0, 875.0, 876.0, 815.0, 734.0, 663.0, 593.0, 651.0, 722.0, 793.0, 797.0, 932.0016834969122, 823.0016834969122, 1035.0016834969122, 920.0016834969122, 869.0016834969122, 1068.0016834969122, 1161.0016834969122, 1157.0016834969122],
        [183.0, 129.0, 54.0, 0.0, 342.0, 386.0, 239.0, 339.0, 332.0, 283.0, 317.0, 359.0, 452.0, 352.0, 445.0, 410.00537618869134, 389.0, 482.0, 355.0, 398.0, 464.0, 589.0, 525.0, 453.0, 761.0016834969122, 896.0016834969122, 810.0016834969122, 1033.0016834969122, 1119.0016834969122, 574.0, 501.0, 429.0, 487.0, 564.0, 492.0, 530.0, 283.0, 347.0, 237.0, 720.0, 410.0, 574.0, 650.0, 530.0, 606.0, 677.0, 749.0, 820.0, 891.0, 780.0, 709.0, 793.0, 935.0, 864.0, 559.0, 929.0, 930.0, 869.0, 788.0, 717.0, 647.0, 705.0, 776.0, 847.0, 851.0, 986.0016834969122, 877.0016834969122, 1089.0016834969122, 974.0016834969122, 923.0016834969122, 1122.0016834969122, 1215.0016834969122, 1211.0016834969122],
        [267.0, 213.0, 396.0, 342.0, 0.0, 44.0, 103.0, 203.0, 98.0, 147.0, 401.0, 443.0, 536.0, 436.0, 529.0, 494.00537618869134, 473.0, 566.0, 439.0, 482.0, 548.0, 673.0, 609.0, 537.0, 845.0016834969122, 980.0016834969122, 894.0016834969122, 1117.0016834969122, 1203.0016834969122, 438.0, 365.0, 293.0, 351.0, 428.0, 356.0, 394.0, 367.0, 211.0, 321.0, 378.0, 274.0, 232.0, 308.0, 188.0, 264.0, 335.0, 407.0, 478.0, 549.0, 644.0, 573.0, 451.0, 593.0, 522.0, 423.0, 793.0, 794.0, 733.0, 652.0, 581.0, 511.0, 569.0, 640.0, 711.0, 715.0, 851.0, 960.0, 748.0, 1057.0, 1006.0, 987.0, 1080.0, 1076.0],
        [311.0, 257.0, 440.0, 386.0, 44.0, 0.0, 147.0, 159.0, 54.0, 103.0, 357.0, 399.0, 492.0, 392.0, 485.0, 450.00537618869134, 429.0, 522.0, 395.0, 438.0, 504.0, 629.0, 565.0, 493.0, 801.0016834969122, 936.0016834969122, 850.0016834969122, 1073.0016834969122, 1159.0016834969122, 394.0, 321.0, 249.0, 307.0, 384.0, 312.0, 350.0, 323.0, 167.0, 277.0, 334.0, 230.0, 188.0, 264.0, 144.0, 220.0, 291.0, 363.0, 434.0, 505.0, 600.0, 529.0, 407.0, 549.0, 478.0, 379.0, 749.0, 750.0, 689.0, 608.0, 537.0, 467.0, 525.0, 596.0, 667.0, 671.0, 807.0, 916.0, 704.0, 1013.0, 962.0, 943.0, 1036.0, 1032.0],
        [164.0, 110.0, 293.0, 239.0, 103.0, 147.0, 0.0, 100.0, 93.0, 44.0, 298.0, 340.0, 433.0, 333.0, 426.0, 391.00537618869134, 370.0, 463.0, 336.0, 379.0, 445.0, 570.0, 506.0, 434.0, 742.0016834969122, 877.0016834969122, 791.0016834969122, 1014.0016834969122, 1100.0016834969122, 335.0, 262.0, 190.0, 248.0, 325.0, 253.0, 291.0, 264.0, 108.0, 218.0, 481.0, 171.0, 335.0, 411.0, 291.0, 367.0, 438.0, 510.0, 581.0, 652.0, 541.0, 470.0, 554.0, 696.0, 625.0, 320.0, 690.0, 691.0, 630.0, 549.0, 478.0, 408.0, 466.0, 537.0, 608.0, 612.0, 748.0, 857.0, 851.0, 954.0, 903.0, 884.0, 977.0, 973.0],
        [264.0, 210.0, 393.0, 339.0, 203.0, 159.0, 100.0, 0.0, 105.0, 56.0, 310.0, 352.0, 445.0, 345.0, 438.0, 403.00537618869134, 382.0, 475.0, 348.0, 391.0, 457.0, 582.0, 518.0, 446.0, 754.0016834969122, 889.0016834969122, 803.0016834969122, 1026.0016834969122, 1112.0016834969122, 347.0, 274.0, 202.0, 260.0, 337.0, 265.0, 303.0, 276.0, 120.0, 230.0, 493.0, 183.0, 347.0, 423.0, 303.0, 379.0, 450.0, 522.0, 593.0, 664.0, 553.0, 482.0, 566.0, 708.0, 637.0, 332.0, 702.0, 703.0, 642.0, 561.0, 490.0, 420.0, 478.0, 549.0, 620.0, 624.0, 760.0, 869.0, 863.0, 966.0, 915.0, 896.0, 989.0, 985.0],
        [257.0, 203.0, 386.0, 332.0, 98.0, 54.0, 93.0, 105.0, 0.0, 49.0, 303.0, 345.0, 438.0, 338.0, 431.0, 396.00537618869134, 375.0, 468.0, 341.0, 384.0, 450.0, 575.0, 511.0, 439.0, 747.0016834969122, 882.0016834969122, 796.0016834969122, 1019.0016834969122, 1105.0016834969122, 340.0, 267.0, 195.0, 253.0, 330.0, 258.0, 296.0, 269.0, 113.0, 223.0, 388.0, 176.0, 242.0, 318.0, 198.0, 274.0, 345.0, 417.0, 488.0, 559.0, 546.0, 475.0, 461.0, 603.0, 532.0, 325.0, 695.0, 696.0, 635.0, 554.0, 483.0, 413.0, 471.0, 542.0, 613.0, 617.0, 753.0, 862.0, 758.0, 959.0, 908.0, 889.0, 982.0, 978.0],
        [208.0, 154.0, 337.0, 283.0, 147.0, 103.0, 44.0, 56.0, 49.0, 0.0, 254.0, 296.0, 389.0, 289.0, 382.0, 347.00537618869134, 326.0, 419.0, 292.0, 335.0, 401.0, 526.0, 462.0, 390.0, 698.0016834969122, 833.0016834969122, 747.0016834969122, 970.0016834969122, 1056.0016834969122, 291.0, 218.0, 146.0, 204.0, 281.0, 209.0, 247.0, 220.0, 64.0, 174.0, 437.0, 127.0, 291.0, 367.0, 247.0, 323.0, 394.0, 466.0, 537.0, 608.0, 497.0, 426.0, 510.0, 652.0, 581.0, 276.0, 646.0, 647.0, 586.0, 505.0, 434.0, 364.0, 422.0, 493.0, 564.0, 568.0, 704.0, 813.0, 807.0, 910.0, 859.0, 840.0, 933.0, 929.0],
        [134.0, 188.0, 263.0, 317.0, 401.0, 357.0, 298.0, 310.0, 303.0, 254.0, 0.0, 42.0, 135.0, 35.0, 128.0, 93.00537618869137, 72.0, 165.0, 106.0, 149.0, 215.0, 340.0, 276.0, 204.0, 512.0016834969122, 647.0016834969122, 561.0016834969122, 784.0016834969122, 870.0016834969122, 325.0, 344.0, 272.0, 330.0, 407.0, 335.0, 373.0, 34.0, 190.0, 80.0, 471.0, 253.0, 545.0, 543.0, 501.0, 499.0, 428.0, 500.0, 571.0, 642.0, 531.0, 460.0, 544.0, 686.0, 615.0, 402.0, 680.0, 681.0, 620.0, 539.0, 468.0, 398.0, 456.0, 527.0, 598.0, 602.0, 737.0016834969122, 628.0016834969122, 840.0016834969122, 725.0016834969122, 674.0016834969122, 873.0016834969122, 966.0016834969122, 962.0016834969122],
        [176.0, 230.0, 305.0, 359.0, 443.0, 399.0, 340.0, 352.0, 345.0, 296.0, 42.0, 0.0, 93.0, 77.0, 170.0, 135.00537618869137, 114.0, 207.0, 148.0, 191.0, 257.0, 382.0, 318.0, 246.0, 554.0016834969122, 689.0016834969122, 603.0016834969122, 826.0016834969122, 912.0016834969122, 367.0, 386.0, 314.0, 372.0, 449.0, 377.0, 415.0, 76.0, 232.0, 122.0, 513.0, 295.0, 587.0, 585.0, 543.0, 541.0, 470.0, 542.0, 613.0, 684.0, 573.0, 502.0, 586.0, 728.0, 657.0, 444.0, 722.0, 723.0, 662.0, 581.0, 510.0, 440.0, 498.0, 569.0, 640.0, 644.0, 779.0016834969122, 670.0016834969122, 882.0016834969122, 767.0016834969122, 716.0016834969122, 915.0016834969122, 1008.0016834969122, 1004.0016834969122],
        [269.0, 323.0, 398.0, 452.0, 536.0, 492.0, 433.0, 445.0, 438.0, 389.0, 135.0, 93.0, 0.0, 170.0, 263.0, 228.00537618869137, 207.0, 300.0, 241.0, 284.0, 350.0, 475.0, 411.0, 339.0, 647.0016834969122, 782.0016834969122, 696.0016834969122, 919.0016834969122, 1005.0016834969122, 460.0, 479.0, 407.0, 465.0, 542.0, 470.0, 508.0, 169.0, 325.0, 215.0, 606.0, 388.0, 680.0, 678.0, 636.0, 634.0, 563.0, 635.0, 706.0, 777.0, 666.0, 595.0, 679.0, 821.0, 750.0, 537.0, 815.0, 816.0, 755.0, 674.0, 603.0, 533.0, 591.0, 662.0, 733.0, 737.0, 872.0016834969122, 763.0016834969122, 975.0016834969122, 860.0016834969122, 809.0016834969122, 1008.0016834969122, 1101.0016834969122, 1097.0016834969122],
        [169.0, 223.0, 298.0, 352.0, 436.0, 392.0, 333.0, 345.0, 338.0, 289.0, 35.0, 77.0, 170.0, 0.0, 93.0, 128.00537618869137, 37.0, 130.0, 71.0, 114.0, 180.0, 305.0, 241.0, 169.0, 477.00168349691216, 612.0016834969122, 526.0016834969122, 749.0016834969122, 835.0016834969122, 290.0, 363.0, 307.0, 365.0, 426.0, 370.0, 408.0, 69.0, 225.0, 115.0, 436.0, 288.0, 580.0, 508.0, 536.0, 464.0, 393.0, 465.0, 536.0, 607.0, 496.0, 425.0, 509.0, 651.0, 580.0, 421.0, 645.0, 646.0, 585.0, 504.0, 433.0, 363.0, 421.0, 492.0, 563.0, 567.0, 702.0016834969122, 593.0016834969122, 805.0016834969122, 690.0016834969122, 639.0016834969122, 838.0016834969122, 931.0016834969122, 927.0016834969122],
        [262.0, 316.0, 391.0, 445.0, 529.0, 485.0, 426.0, 438.0, 431.0, 382.0, 128.0, 170.0, 263.0, 93.0, 0.0, 221.00537618869137, 130.0, 223.0, 164.0, 207.0, 273.0, 398.0, 334.0, 262.0, 570.0016834969122, 705.0016834969122, 619.0016834969122, 842.0016834969122, 928.0016834969122, 383.0, 456.0, 400.0, 458.0, 519.0, 463.0, 501.0, 162.0, 318.0, 208.0, 529.0, 381.0, 673.0, 601.0, 629.0, 557.0, 486.0, 558.0, 629.0, 700.0, 589.0, 518.0, 602.0, 744.0, 673.0, 514.0, 738.0, 739.0, 678.0, 597.0, 526.0, 456.0, 514.0, 585.0, 656.0, 660.0, 795.0016834969122, 686.0016834969122, 898.0016834969122, 783.0016834969122, 732.0016834969122, 931.0016834969122, 1024.0016834969122, 1020.0016834969122],
        [227.00537618869137, 281.00537618869134, 356.00537618869134, 410.00537618869134, 494.00537618869134, 450.00537618869134, 391.00537618869134, 403.00537618869134, 396.00537618869134, 347.00537618869134, 93.00537618869137, 135.00537618869137, 228.00537618869137, 128.00537618869137, 221.00537618869137, 0.0, 165.00537618869137, 258.00537618869134, 199.00537618869137, 242.00537618869137, 308.00537618869134, 433.00537618869134, 369.00537618869134, 297.00537618869134, 605.0070596856035, 740.0070596856035, 654.0070596856035, 877.0070596856035, 963.0070596856035, 418.00537618869134, 437.00537618869134, 365.00537618869134, 423.00537618869134, 500.00537618869134, 428.00537618869134, 466.00537618869134, 127.00537618869137, 283.00537618869134, 173.00537618869137, 564.0053761886913, 346.00537618869134, 638.0053761886913, 636.0053761886913, 594.0053761886913, 592.0053761886913, 521.0053761886913, 593.0053761886913, 664.0053761886913, 735.0053761886913, 624.0053761886913, 553.0053761886913, 637.0053761886913, 779.0053761886913, 708.0053761886913, 495.00537618869134, 773.0053761886913, 774.0053761886913, 713.0053761886913, 632.0053761886913, 561.0053761886913, 491.00537618869134, 549.0053761886913, 620.0053761886913, 691.0053761886913, 695.0053761886913, 830.0070596856035, 721.0070596856035, 933.0070596856035, 818.0070596856035, 767.0070596856035, 966.0070596856035, 1059.0070596856035, 1055.0070596856035],
        [206.0, 260.0, 335.0, 389.0, 473.0, 429.0, 370.0, 382.0, 375.0, 326.0, 72.0, 114.0, 207.0, 37.0, 130.0, 165.00537618869137, 0.0, 93.0, 34.0, 77.0, 143.0, 268.0, 204.0, 132.0, 440.00168349691216, 575.0016834969122, 489.00168349691216, 712.0016834969122, 798.0016834969122, 253.0, 326.0, 344.0, 402.0, 389.0, 407.0, 423.0, 106.0, 262.0, 152.0, 399.0, 325.0, 547.0, 471.0, 503.0, 427.0, 356.0, 428.0, 499.0, 570.0, 459.0, 388.0, 472.0, 614.0, 543.0, 384.0, 608.0, 609.0, 548.0, 467.0, 396.0, 326.0, 384.0, 455.0, 526.0, 530.0, 665.0016834969122, 556.0016834969122, 768.0016834969122, 653.0016834969122, 602.0016834969122, 801.0016834969122, 894.0016834969122, 890.0016834969122],
        [299.0, 353.0, 428.0, 482.0, 566.0, 522.0, 463.0, 475.0, 468.0, 419.0, 165.0, 207.0, 300.0, 130.0, 223.0, 258.00537618869134, 93.0, 0.0, 127.0, 170.0, 236.0, 361.0, 297.0, 225.0, 533.0016834969122, 668.0016834969122, 582.0016834969122, 805.0016834969122, 891.0016834969122, 346.0, 419.0, 437.0, 495.0, 482.0, 500.0, 516.0, 199.0, 355.0, 245.0, 492.0, 418.0, 640.0, 564.0, 596.0, 520.0, 449.0, 521.0, 592.0, 663.0, 552.0, 481.0, 565.0, 707.0, 636.0, 477.0, 701.0, 702.0, 641.0, 560.0, 489.0, 419.0, 477.0, 548.0, 619.0, 623.0, 758.0016834969122, 649.0016834969122, 861.0016834969122, 746.0016834969122, 695.0016834969122, 894.0016834969122, 987.0016834969122, 983.0016834969122],
        [172.0, 226.0, 301.0, 355.0, 439.0, 395.0, 336.0, 348.0, 341.0, 292.0, 106.0, 148.0, 241.0, 71.0, 164.0, 199.00537618869137, 34.0, 127.0, 0.0, 43.0, 109.0, 234.0, 170.0, 98.0, 406.00168349691216, 541.0016834969122, 455.00168349691216, 678.0016834969122, 764.0016834969122, 219.0, 292.0, 310.0, 368.0, 355.0, 373.0, 389.0, 72.0, 228.0, 118.0, 365.0, 291.0, 513.0, 437.0, 469.0, 393.0, 322.0, 394.0, 465.0, 536.0, 425.0, 354.0, 438.0, 580.0, 509.0, 350.0, 574.0, 575.0, 514.0, 433.0, 362.0, 292.0, 350.0, 421.0, 492.0, 496.0, 631.0016834969122, 522.0016834969122, 734.0016834969122, 619.0016834969122, 568.0016834969122, 767.0016834969122, 860.0016834969122, 856.0016834969122],
        [215.0, 269.0, 344.0, 398.0, 482.0, 438.0, 379.0, 391.0, 384.0, 335.0, 149.0, 191.0, 284.0, 114.0, 207.0, 242.00537618869137, 77.0, 170.0, 43.0, 0.0, 66.0, 191.0, 127.0, 55.0, 363.00168349691216, 498.00168349691216, 412.00168349691216, 635.0016834969122, 721.0016834969122, 176.0, 249.0, 321.0, 379.0, 312.0, 384.0, 346.0, 115.0, 271.0, 161.0, 322.0, 334.0, 470.0, 394.0, 426.0, 350.0, 279.0, 351.0, 422.0, 493.0, 382.0, 311.0, 395.0, 537.0, 466.0, 307.0, 531.0, 532.0, 471.0, 390.0, 319.0, 249.0, 307.0, 378.0, 449.0, 453.0, 588.0016834969122, 479.00168349691216, 691.0016834969122, 576.0016834969122, 525.0016834969122, 724.0016834969122, 817.0016834969122, 813.0016834969122],
        [281.0, 335.0, 410.0, 464.0, 548.0, 504.0, 445.0, 457.0, 450.0, 401.0, 215.0, 257.0, 350.0, 180.0, 273.0, 308.00537618869134, 143.0, 236.0, 109.0, 66.0, 0.0, 125.0, 193.0, 121.0, 297.00168349691216, 432.00168349691216, 346.00168349691216, 569.0016834969122, 655.0016834969122, 110.0, 183.0, 255.0, 313.0, 246.0, 318.0, 280.0, 181.0, 337.0, 227.0, 256.0, 400.0, 404.0, 328.0, 360.0, 284.0, 213.0, 285.0, 356.0, 427.0, 316.0, 245.0, 329.0, 471.0, 400.0, 241.0, 465.0, 466.0, 405.0, 324.0, 253.0, 183.0, 241.0, 312.0, 383.0, 387.0, 522.0016834969122, 413.00168349691216, 625.0016834969122, 510.00168349691216, 459.00168349691216, 658.0016834969122, 751.0016834969122, 747.0016834969122],
        [406.0, 460.0, 535.0, 589.0, 673.0, 629.0, 570.0, 582.0, 575.0, 526.0, 340.0, 382.0, 475.0, 305.0, 398.0, 433.00537618869134, 268.0, 361.0, 234.0, 191.0, 125.0, 0.0, 318.0, 246.0, 422.00168349691216, 557.0016834969122, 471.00168349691216, 694.0016834969122, 780.0016834969122, 235.0, 308.0, 380.0, 438.0, 371.0, 443.0, 405.0, 306.0, 462.0, 352.0, 381.0, 525.0, 529.0, 453.0, 485.0, 409.0, 338.0, 410.0, 481.0, 552.0, 441.0, 370.0, 454.0, 596.0, 525.0, 366.0, 590.0, 591.0, 530.0, 449.0, 378.0, 308.0, 366.0, 437.0, 508.0, 512.0, 647.0016834969122, 538.0016834969122, 750.0016834969122, 635.0016834969122, 584.0016834969122, 783.0016834969122, 876.0016834969122, 872.0016834969122],
        [342.0, 396.0, 471.0, 525.0, 609.0, 565.0, 506.0, 518.0, 511.0, 462.0, 276.0, 318.0, 411.0, 241.0, 334.0, 369.00537618869134, 204.0, 297.0, 170.0, 127.0, 193.0, 318.0, 0.0, 72.0, 490.00168349691216, 625.0016834969122, 539.0016834969122, 762.0016834969122, 848.0016834969122, 303.0, 376.0, 448.0, 506.0, 439.0, 511.0, 473.0, 242.0, 398.0, 288.0, 449.0, 461.0, 597.0, 521.0, 553.0, 477.0, 406.0, 478.0, 549.0, 620.0, 509.0, 438.0, 522.0, 664.0, 593.0, 434.0, 658.0, 659.0, 598.0, 517.0, 446.0, 376.0, 434.0, 505.0, 576.0, 580.0, 715.0016834969122, 606.0016834969122, 818.0016834969122, 703.0016834969122, 652.0016834969122, 851.0016834969122, 944.0016834969122, 940.0016834969122],
        [270.0, 324.0, 399.0, 453.0, 537.0, 493.0, 434.0, 446.0, 439.0, 390.0, 204.0, 246.0, 339.0, 169.0, 262.0, 297.00537618869134, 132.0, 225.0, 98.0, 55.0, 121.0, 246.0, 72.0, 0.0, 418.00168349691216, 553.0016834969122, 467.00168349691216, 690.0016834969122, 776.0016834969122, 231.0, 304.0, 376.0, 434.0, 367.0, 439.0, 401.0, 170.0, 326.0, 216.0, 377.0, 389.0, 525.0, 449.0, 481.0, 405.0, 334.0, 406.0, 477.0, 548.0, 437.0, 366.0, 450.0, 592.0, 521.0, 362.0, 586.0, 587.0, 526.0, 445.0, 374.0, 304.0, 362.0, 433.0, 504.0, 508.0, 643.0016834969122, 534.0016834969122, 746.0016834969122, 631.0016834969122, 580.0016834969122, 779.0016834969122, 872.0016834969122, 868.0016834969122],
        [578.0016834969122, 632.0016834969122, 707.0016834969122, 761.0016834969122, 845.0016834969122, 801.0016834969122, 742.0016834969122, 754.0016834969122, 747.0016834969122, 698.0016834969122, 512.0016834969122, 554.0016834969122, 647.0016834969122, 477.00168349691216, 570.0016834969122, 605.0070596856035, 440.00168349691216, 533.0016834969122, 406.00168349691216, 363.00168349691216, 297.00168349691216, 422.00168349691216, 490.00168349691216, 418.00168349691216, 0.0, 135.0, 49.0, 272.0, 358.0, 407.00168349691216, 480.00168349691216, 552.0016834969122, 610.0016834969122, 543.0016834969122, 615.0016834969122, 577.0016834969122, 478.00168349691216, 634.0016834969122, 524.0016834969122, 553.0016834969122, 697.0016834969122, 701.0016834969122, 625.0016834969122, 657.0016834969122, 581.0016834969122, 510.00168349691216, 582.0016834969122, 598.0, 527.0, 558.0, 542.0016834969122, 626.0016834969122, 571.0, 642.0, 538.0016834969122, 403.0, 404.0, 343.0, 424.0, 495.0, 480.00168349691216, 538.0016834969122, 554.0, 483.0, 487.0, 225.0, 116.0, 328.0, 213.0, 162.0, 361.0, 454.0, 450.0],
        [713.0016834969122, 767.0016834969122, 842.0016834969122, 896.0016834969122, 980.0016834969122, 936.0016834969122, 877.0016834969122, 889.0016834969122, 882.0016834969122, 833.0016834969122, 647.0016834969122, 689.0016834969122, 782.0016834969122, 612.0016834969122, 705.0016834969122, 740.0070596856035, 575.0016834969122, 668.0016834969122, 541.0016834969122, 498.00168349691216, 432.00168349691216, 557.0016834969122, 625.0016834969122, 553.0016834969122, 135.0, 0.0, 86.0, 309.0, 223.0, 542.0016834969122, 615.0016834969122, 687.0016834969122, 745.0016834969122, 678.0016834969122, 750.0016834969122, 712.0016834969122, 613.0016834969122, 769.0016834969122, 659.0016834969122, 688.0016834969122, 832.0016834969122, 836.0016834969122, 760.0016834969122, 792.0016834969122, 716.0016834969122, 645.0016834969122, 717.0016834969122, 733.0, 662.0, 693.0, 677.0016834969122, 761.0016834969122, 706.0, 777.0, 673.0016834969122, 538.0, 539.0, 478.0, 559.0, 630.0, 615.0016834969122, 673.0016834969122, 689.0, 618.0, 622.0, 360.0, 251.0, 463.0, 348.0, 297.0, 496.0, 589.0, 585.0],
        [627.0016834969122, 681.0016834969122, 756.0016834969122, 810.0016834969122, 894.0016834969122, 850.0016834969122, 791.0016834969122, 803.0016834969122, 796.0016834969122, 747.0016834969122, 561.0016834969122, 603.0016834969122, 696.0016834969122, 526.0016834969122, 619.0016834969122, 654.0070596856035, 489.00168349691216, 582.0016834969122, 455.00168349691216, 412.00168349691216, 346.00168349691216, 471.00168349691216, 539.0016834969122, 467.00168349691216, 49.0, 86.0, 0.0, 223.0, 309.0, 456.00168349691216, 529.0016834969122, 601.0016834969122, 659.0016834969122, 592.0016834969122, 664.0016834969122, 626.0016834969122, 527.0016834969122, 683.0016834969122, 573.0016834969122, 602.0016834969122, 746.0016834969122, 750.0016834969122, 674.0016834969122, 706.0016834969122, 630.0016834969122, 559.0016834969122, 631.0016834969122, 647.0, 576.0, 607.0, 591.0016834969122, 675.0016834969122, 620.0, 691.0, 587.0016834969122, 452.0, 453.0, 392.0, 473.0, 544.0, 529.0016834969122, 587.0016834969122, 603.0, 532.0, 536.0, 274.0, 165.0, 377.0, 262.0, 211.0, 410.0, 503.0, 499.0],
        [850.0016834969122, 904.0016834969122, 979.0016834969122, 1033.0016834969122, 1117.0016834969122, 1073.0016834969122, 1014.0016834969122, 1026.0016834969122, 1019.0016834969122, 970.0016834969122, 784.0016834969122, 826.0016834969122, 919.0016834969122, 749.0016834969122, 842.0016834969122, 877.0070596856035, 712.0016834969122, 805.0016834969122, 678.0016834969122, 635.0016834969122, 569.0016834969122, 694.0016834969122, 762.0016834969122, 690.0016834969122, 272.0, 309.0, 223.0, 0.0, 86.0, 679.0016834969122, 752.0016834969122, 824.0016834969122, 882.0016834969122, 815.0016834969122, 887.0016834969122, 849.0016834969122, 750.0016834969122, 906.0016834969122, 796.0016834969122, 825.0016834969122, 969.0016834969122, 973.0016834969122, 897.0016834969122, 929.0016834969122, 853.0016834969122, 782.0016834969122, 854.0016834969122, 870.0, 799.0, 830.0, 814.0016834969122, 898.0016834969122, 843.0, 914.0, 810.0016834969122, 675.0, 676.0, 615.0, 696.0, 767.0, 752.0016834969122, 810.0016834969122, 826.0, 755.0, 759.0, 497.0, 388.0, 600.0, 485.0, 434.0, 633.0, 726.0, 722.0],
        [936.0016834969122, 990.0016834969122, 1065.0016834969122, 1119.0016834969122, 1203.0016834969122, 1159.0016834969122, 1100.0016834969122, 1112.0016834969122, 1105.0016834969122, 1056.0016834969122, 870.0016834969122, 912.0016834969122, 1005.0016834969122, 835.0016834969122, 928.0016834969122, 963.0070596856035, 798.0016834969122, 891.0016834969122, 764.0016834969122, 721.0016834969122, 655.0016834969122, 780.0016834969122, 848.0016834969122, 776.0016834969122, 358.0, 223.0, 309.0, 86.0, 0.0, 765.0016834969122, 838.0016834969122, 910.0016834969122, 968.0016834969122, 901.0016834969122, 973.0016834969122, 935.0016834969122, 836.0016834969122, 992.0016834969122, 882.0016834969122, 911.0016834969122, 1055.0016834969122, 1059.0016834969122, 983.0016834969122, 1015.0016834969122, 939.0016834969122, 868.0016834969122, 940.0016834969122, 956.0, 885.0, 916.0, 900.0016834969122, 984.0016834969122, 929.0, 1000.0, 896.0016834969122, 761.0, 762.0, 701.0, 782.0, 853.0, 838.0016834969122, 896.0016834969122, 912.0, 841.0, 845.0, 583.0, 474.0, 686.0, 571.0, 520.0, 719.0, 812.0, 808.0],
        [391.0, 445.0, 520.0, 574.0, 438.0, 394.0, 335.0, 347.0, 340.0, 291.0, 325.0, 367.0, 460.0, 290.0, 383.0, 418.00537618869134, 253.0, 346.0, 219.0, 176.0, 110.0, 235.0, 303.0, 231.0, 407.00168349691216, 542.0016834969122, 456.00168349691216, 679.0016834969122, 765.0016834969122, 0.0, 73.0, 145.0, 203.0, 136.0, 208.0, 170.0, 291.0, 227.0, 337.0, 146.0, 290.0, 294.0, 218.0, 250.0, 174.0, 103.0, 175.0, 246.0, 317.0, 206.0, 135.0, 219.0, 361.0, 290.0, 131.0, 355.0, 356.0, 295.0, 214.0, 143.0, 73.0, 131.0, 202.0, 273.0, 277.0, 413.0, 522.0, 516.0, 619.0, 568.0, 549.0, 642.0, 638.0],
        [318.0, 372.0, 447.0, 501.0, 365.0, 321.0, 262.0, 274.0, 267.0, 218.0, 344.0, 386.0, 479.0, 363.0, 456.0, 437.00537618869134, 326.0, 419.0, 292.0, 249.0, 183.0, 308.0, 376.0, 304.0, 480.00168349691216, 615.0016834969122, 529.0016834969122, 752.0016834969122, 838.0016834969122, 73.0, 0.0, 72.0, 130.0, 63.0, 135.0, 97.0, 310.0, 154.0, 264.0, 219.0, 217.0, 367.0, 291.0, 323.0, 247.0, 176.0, 248.0, 319.0, 390.0, 279.0, 208.0, 292.0, 434.0, 363.0, 58.0, 428.0, 429.0, 368.0, 287.0, 216.0, 146.0, 204.0, 275.0, 346.0, 350.0, 486.0, 595.0, 589.0, 692.0, 641.0, 622.0, 715.0, 711.0],
        [246.0, 300.0, 375.0, 429.0, 293.0, 249.0, 190.0, 202.0, 195.0, 146.0, 272.0, 314.0, 407.0, 307.0, 400.0, 365.00537618869134, 344.0, 437.0, 310.0, 321.0, 255.0, 380.0, 448.0, 376.0, 552.0016834969122, 687.0016834969122, 601.0016834969122, 824.0016834969122, 910.0016834969122, 145.0, 72.0, 0.0, 58.0, 135.0, 63.0, 101.0, 238.0, 82.0, 192.0, 291.0, 145.0, 437.0, 363.0, 393.0, 319.0, 248.0, 320.0, 391.0, 462.0, 351.0, 280.0, 364.0, 506.0, 435.0, 130.0, 500.0, 501.0, 440.0, 359.0, 288.0, 218.0, 276.0, 347.0, 418.0, 422.0, 558.0, 667.0, 661.0, 764.0, 713.0, 694.0, 787.0, 783.0],
        [304.0, 358.0, 433.0, 487.0, 351.0, 307.0, 248.0, 260.0, 253.0, 204.0, 330.0, 372.0, 465.0, 365.0, 458.0, 423.00537618869134, 402.0, 495.0, 368.0, 379.0, 313.0, 438.0, 506.0, 434.0, 610.0016834969122, 745.0016834969122, 659.0016834969122, 882.0016834969122, 968.0016834969122, 203.0, 130.0, 58.0, 0.0, 193.0, 121.0, 159.0, 296.0, 140.0, 250.0, 349.0, 203.0, 495.0, 421.0, 451.0, 377.0, 306.0, 378.0, 449.0, 520.0, 409.0, 338.0, 422.0, 564.0, 493.0, 188.0, 558.0, 559.0, 498.0, 417.0, 346.0, 276.0, 334.0, 405.0, 476.0, 480.0, 616.0, 725.0, 719.0, 822.0, 771.0, 752.0, 845.0, 841.0],
        [381.0, 435.0, 510.0, 564.0, 428.0, 384.0, 325.0, 337.0, 330.0, 281.0, 407.0, 449.0, 542.0, 426.0, 519.0, 500.00537618869134, 389.0, 482.0, 355.0, 312.0, 246.0, 371.0, 439.0, 367.0, 543.0016834969122, 678.0016834969122, 592.0016834969122, 815.0016834969122, 901.0016834969122, 136.0, 63.0, 135.0, 193.0, 0.0, 72.0, 34.0, 373.0, 217.0, 327.0, 282.0, 280.0, 430.0, 354.0, 386.0, 310.0, 239.0, 311.0, 382.0, 453.0, 342.0, 271.0, 355.0, 497.0, 426.0, 121.0, 491.0, 492.0, 431.0, 350.0, 279.0, 209.0, 267.0, 338.0, 409.0, 413.0, 549.0, 658.0, 652.0, 755.0, 704.0, 685.0, 778.0, 774.0],
        [309.0, 363.0, 438.0, 492.0, 356.0, 312.0, 253.0, 265.0, 258.0, 209.0, 335.0, 377.0, 470.0, 370.0, 463.0, 428.00537618869134, 407.0, 500.0, 373.0, 384.0, 318.0, 443.0, 511.0, 439.0, 615.0016834969122, 750.0016834969122, 664.0016834969122, 887.0016834969122, 973.0016834969122, 208.0, 135.0, 63.0, 121.0, 72.0, 0.0, 38.0, 301.0, 145.0, 255.0, 354.0, 208.0, 500.0, 426.0, 456.0, 382.0, 311.0, 383.0, 454.0, 525.0, 414.0, 343.0, 427.0, 569.0, 498.0, 193.0, 563.0, 564.0, 503.0, 422.0, 351.0, 281.0, 339.0, 410.0, 481.0, 485.0, 621.0, 730.0, 724.0, 827.0, 776.0, 757.0, 850.0, 846.0],
        [347.0, 401.0, 476.0, 530.0, 394.0, 350.0, 291.0, 303.0, 296.0, 247.0, 373.0, 415.0, 508.0, 408.0, 501.0, 466.00537618869134, 423.0, 516.0, 389.0, 346.0, 280.0, 405.0, 473.0, 401.0, 577.0016834969122, 712.0016834969122, 626.0016834969122, 849.0016834969122, 935.0016834969122, 170.0, 97.0, 101.0, 159.0, 34.0, 38.0, 0.0, 339.0, 183.0, 293.0, 316.0, 246.0, 464.0, 388.0, 420.0, 344.0, 273.0, 345.0, 416.0, 487.0, 376.0, 305.0, 389.0, 531.0, 460.0, 155.0, 525.0, 526.0, 465.0, 384.0, 313.0, 243.0, 301.0, 372.0, 443.0, 447.0, 583.0, 692.0, 686.0, 789.0, 738.0, 719.0, 812.0, 808.0],
        [100.0, 154.0, 229.0, 283.0, 367.0, 323.0, 264.0, 276.0, 269.0, 220.0, 34.0, 76.0, 169.0, 69.0, 162.0, 127.00537618869137, 106.0, 199.0, 72.0, 115.0, 181.0, 306.0, 242.0, 170.0, 478.00168349691216, 613.0016834969122, 527.0016834969122, 750.0016834969122, 836.0016834969122, 291.0, 310.0, 238.0, 296.0, 373.0, 301.0, 339.0, 0.0, 156.0, 46.0, 437.0, 219.0, 511.0, 509.0, 467.0, 465.0, 394.0, 466.0, 537.0, 608.0, 497.0, 426.0, 510.0, 652.0, 581.0, 368.0, 646.0, 647.0, 586.0, 505.0, 434.0, 364.0, 422.0, 493.0, 564.0, 568.0, 703.0016834969122, 594.0016834969122, 806.0016834969122, 691.0016834969122, 640.0016834969122, 839.0016834969122, 932.0016834969122, 928.0016834969122],
        [164.0, 218.0, 293.0, 347.0, 211.0, 167.0, 108.0, 120.0, 113.0, 64.0, 190.0, 232.0, 325.0, 225.0, 318.0, 283.00537618869134, 262.0, 355.0, 228.0, 271.0, 337.0, 462.0, 398.0, 326.0, 634.0016834969122, 769.0016834969122, 683.0016834969122, 906.0016834969122, 992.0016834969122, 227.0, 154.0, 82.0, 140.0, 217.0, 145.0, 183.0, 156.0, 0.0, 110.0, 373.0, 63.0, 355.0, 431.0, 311.0, 387.0, 330.0, 402.0, 473.0, 544.0, 433.0, 362.0, 446.0, 588.0, 517.0, 212.0, 582.0, 583.0, 522.0, 441.0, 370.0, 300.0, 358.0, 429.0, 500.0, 504.0, 640.0, 749.0, 743.0, 846.0, 795.0, 776.0, 869.0, 865.0],
        [54.0, 108.0, 183.0, 237.0, 321.0, 277.0, 218.0, 230.0, 223.0, 174.0, 80.0, 122.0, 215.0, 115.0, 208.0, 173.00537618869137, 152.0, 245.0, 118.0, 161.0, 227.0, 352.0, 288.0, 216.0, 524.0016834969122, 659.0016834969122, 573.0016834969122, 796.0016834969122, 882.0016834969122, 337.0, 264.0, 192.0, 250.0, 327.0, 255.0, 293.0, 46.0, 110.0, 0.0, 483.0, 173.0, 465.0, 541.0, 421.0, 497.0, 440.0, 512.0, 583.0, 654.0, 543.0, 472.0, 556.0, 698.0, 627.0, 322.0, 692.0, 693.0, 632.0, 551.0, 480.0, 410.0, 468.0, 539.0, 610.0, 614.0, 749.0016834969122, 640.0016834969122, 852.0016834969122, 737.0016834969122, 686.0016834969122, 885.0016834969122, 978.0016834969122, 974.0016834969122],
        [537.0, 591.0, 666.0, 720.0, 378.0, 334.0, 481.0, 493.0, 388.0, 437.0, 471.0, 513.0, 606.0, 436.0, 529.0, 564.0053761886913, 399.0, 492.0, 365.0, 322.0, 256.0, 381.0, 449.0, 377.0, 553.0016834969122, 688.0016834969122, 602.0016834969122, 825.0016834969122, 911.0016834969122, 146.0, 219.0, 291.0, 349.0, 282.0, 354.0, 316.0, 437.0, 373.0, 483.0, 0.0, 436.0, 234.0, 158.0, 190.0, 114.0, 43.0, 115.0, 186.0, 257.0, 352.0, 281.0, 159.0, 301.0, 230.0, 277.0, 501.0, 502.0, 441.0, 360.0, 289.0, 219.0, 277.0, 348.0, 419.0, 423.0, 559.0, 668.0, 456.0, 765.0, 714.0, 695.0, 788.0, 784.0],
        [227.0, 281.0, 356.0, 410.0, 274.0, 230.0, 171.0, 183.0, 176.0, 127.0, 253.0, 295.0, 388.0, 288.0, 381.0, 346.00537618869134, 325.0, 418.0, 291.0, 334.0, 400.0, 525.0, 461.0, 389.0, 697.0016834969122, 832.0016834969122, 746.0016834969122, 969.0016834969122, 1055.0016834969122, 290.0, 217.0, 145.0, 203.0, 280.0, 208.0, 246.0, 219.0, 63.0, 173.0, 436.0, 0.0, 418.0, 494.0, 374.0, 450.0, 393.0, 465.0, 536.0, 607.0, 496.0, 425.0, 509.0, 651.0, 580.0, 275.0, 645.0, 646.0, 585.0, 504.0, 433.0, 363.0, 421.0, 492.0, 563.0, 567.0, 703.0, 812.0, 806.0, 909.0, 858.0, 839.0, 932.0, 928.0],
        [499.0, 445.0, 628.0, 574.0, 232.0, 188.0, 335.0, 347.0, 242.0, 291.0, 545.0, 587.0, 680.0, 580.0, 673.0, 638.0053761886913, 547.0, 640.0, 513.0, 470.0, 404.0, 529.0, 597.0, 525.0, 701.0016834969122, 836.0016834969122, 750.0016834969122, 973.0016834969122, 1059.0016834969122, 294.0, 367.0, 437.0, 495.0, 430.0, 500.0, 464.0, 511.0, 355.0, 465.0, 234.0, 418.0, 0.0, 76.0, 44.0, 120.0, 191.0, 263.0, 334.0, 405.0, 500.0, 429.0, 307.0, 449.0, 378.0, 425.0, 649.0, 650.0, 589.0, 508.0, 437.0, 367.0, 425.0, 496.0, 567.0, 571.0, 707.0, 816.0, 604.0, 913.0, 862.0, 843.0, 936.0, 932.0],
        [575.0, 521.0, 704.0, 650.0, 308.0, 264.0, 411.0, 423.0, 318.0, 367.0, 543.0, 585.0, 678.0, 508.0, 601.0, 636.0053761886913, 471.0, 564.0, 437.0, 394.0, 328.0, 453.0, 521.0, 449.0, 625.0016834969122, 760.0016834969122, 674.0016834969122, 897.0016834969122, 983.0016834969122, 218.0, 291.0, 363.0, 421.0, 354.0, 426.0, 388.0, 509.0, 431.0, 541.0, 158.0, 494.0, 76.0, 0.0, 120.0, 44.0, 115.0, 187.0, 258.0, 329.0, 424.0, 353.0, 231.0, 373.0, 302.0, 349.0, 573.0, 574.0, 513.0, 432.0, 361.0, 291.0, 349.0, 420.0, 491.0, 495.0, 631.0, 740.0, 528.0, 837.0, 786.0, 767.0, 860.0, 856.0],
        [455.0, 401.0, 584.0, 530.0, 188.0, 144.0, 291.0, 303.0, 198.0, 247.0, 501.0, 543.0, 636.0, 536.0, 629.0, 594.0053761886913, 503.0, 596.0, 469.0, 426.0, 360.0, 485.0, 553.0, 481.0, 657.0016834969122, 792.0016834969122, 706.0016834969122, 929.0016834969122, 1015.0016834969122, 250.0, 323.0, 393.0, 451.0, 386.0, 456.0, 420.0, 467.0, 311.0, 421.0, 190.0, 374.0, 44.0, 120.0, 0.0, 76.0, 147.0, 219.0, 290.0, 361.0, 456.0, 385.0, 263.0, 405.0, 334.0, 381.0, 605.0, 606.0, 545.0, 464.0, 393.0, 323.0, 381.0, 452.0, 523.0, 527.0, 663.0, 772.0, 560.0, 869.0, 818.0, 799.0, 892.0, 888.0],
        [531.0, 477.0, 660.0, 606.0, 264.0, 220.0, 367.0, 379.0, 274.0, 323.0, 499.0, 541.0, 634.0, 464.0, 557.0, 592.0053761886913, 427.0, 520.0, 393.0, 350.0, 284.0, 409.0, 477.0, 405.0, 581.0016834969122, 716.0016834969122, 630.0016834969122, 853.0016834969122, 939.0016834969122, 174.0, 247.0, 319.0, 377.0, 310.0, 382.0, 344.0, 465.0, 387.0, 497.0, 114.0, 450.0, 120.0, 44.0, 76.0, 0.0, 71.0, 143.0, 214.0, 285.0, 380.0, 309.0, 187.0, 329.0, 258.0, 305.0, 529.0, 530.0, 469.0, 388.0, 317.0, 247.0, 305.0, 376.0, 447.0, 451.0, 587.0, 696.0, 484.0, 793.0, 742.0, 723.0, 816.0, 812.0],
        [494.0, 548.0, 623.0, 677.0, 335.0, 291.0, 438.0, 450.0, 345.0, 394.0, 428.0, 470.0, 563.0, 393.0, 486.0, 521.0053761886913, 356.0, 449.0, 322.0, 279.0, 213.0, 338.0, 406.0, 334.0, 510.00168349691216, 645.0016834969122, 559.0016834969122, 782.0016834969122, 868.0016834969122, 103.0, 176.0, 248.0, 306.0, 239.0, 311.0, 273.0, 394.0, 330.0, 440.0, 43.0, 393.0, 191.0, 115.0, 147.0, 71.0, 0.0, 72.0, 143.0, 214.0, 309.0, 238.0, 116.0, 258.0, 187.0, 234.0, 458.0, 459.0, 398.0, 317.0, 246.0, 176.0, 234.0, 305.0, 376.0, 380.0, 516.0, 625.0, 413.0, 722.0, 671.0, 652.0, 745.0, 741.0],
        [566.0, 620.0, 695.0, 749.0, 407.0, 363.0, 510.0, 522.0, 417.0, 466.0, 500.0, 542.0, 635.0, 465.0, 558.0, 593.0053761886913, 428.0, 521.0, 394.0, 351.0, 285.0, 410.0, 478.0, 406.0, 582.0016834969122, 717.0016834969122, 631.0016834969122, 854.0016834969122, 940.0016834969122, 175.0, 248.0, 320.0, 378.0, 311.0, 383.0, 345.0, 466.0, 402.0, 512.0, 115.0, 465.0, 263.0, 187.0, 219.0, 143.0, 72.0, 0.0, 71.0, 142.0, 381.0, 310.0, 44.0, 186.0, 115.0, 306.0, 530.0, 531.0, 470.0, 389.0, 318.0, 248.0, 306.0, 377.0, 448.0, 452.0, 444.0, 553.0, 341.0, 650.0, 599.0, 580.0, 673.0, 669.0],
        [637.0, 691.0, 766.0, 820.0, 478.0, 434.0, 581.0, 593.0, 488.0, 537.0, 571.0, 613.0, 706.0, 536.0, 629.0, 664.0053761886913, 499.0, 592.0, 465.0, 422.0, 356.0, 481.0, 549.0, 477.0, 598.0, 733.0, 647.0, 870.0, 956.0, 246.0, 319.0, 391.0, 449.0, 382.0, 454.0, 416.0, 537.0, 473.0, 583.0, 186.0, 536.0, 334.0, 258.0, 290.0, 214.0, 143.0, 71.0, 0.0, 71.0, 452.0, 381.0, 115.0, 115.0, 44.0, 377.0, 551.0, 552.0, 491.0, 460.0, 389.0, 319.0, 377.0, 448.0, 519.0, 523.0, 373.0, 482.0, 270.0, 579.0, 528.0, 509.0, 602.0, 598.0],
        [708.0, 762.0, 837.0, 891.0, 549.0, 505.0, 652.0, 664.0, 559.0, 608.0, 642.0, 684.0, 777.0, 607.0, 700.0, 735.0053761886913, 570.0, 663.0, 536.0, 493.0, 427.0, 552.0, 620.0, 548.0, 527.0, 662.0, 576.0, 799.0, 885.0, 317.0, 390.0, 462.0, 520.0, 453.0, 525.0, 487.0, 608.0, 544.0, 654.0, 257.0, 607.0, 405.0, 329.0, 361.0, 285.0, 214.0, 142.0, 71.0, 0.0, 523.0, 452.0, 186.0, 44.0, 115.0, 448.0, 480.0, 481.0, 420.0, 501.0, 460.0, 390.0, 448.0, 519.0, 560.0, 564.0, 302.0, 411.0, 199.0, 508.0, 457.0, 438.0, 531.0, 527.0],
        [597.0, 651.0, 726.0, 780.0, 644.0, 600.0, 541.0, 553.0, 546.0, 497.0, 531.0, 573.0, 666.0, 496.0, 589.0, 624.0053761886913, 459.0, 552.0, 425.0, 382.0, 316.0, 441.0, 509.0, 437.0, 558.0, 693.0, 607.0, 830.0, 916.0, 206.0, 279.0, 351.0, 409.0, 342.0, 414.0, 376.0, 497.0, 433.0, 543.0, 352.0, 496.0, 500.0, 424.0, 456.0, 380.0, 309.0, 381.0, 452.0, 523.0, 0.0, 195.0, 425.0, 567.0, 496.0, 337.0, 275.0, 276.0, 215.0, 134.0, 63.0, 133.0, 191.0, 122.0, 193.0, 197.0, 333.0, 442.0, 436.0, 539.0, 488.0, 469.0, 562.0, 558.0],
        [526.0, 580.0, 655.0, 709.0, 573.0, 529.0, 470.0, 482.0, 475.0, 426.0, 460.0, 502.0, 595.0, 425.0, 518.0, 553.0053761886913, 388.0, 481.0, 354.0, 311.0, 245.0, 370.0, 438.0, 366.0, 542.0016834969122, 677.0016834969122, 591.0016834969122, 814.0016834969122, 900.0016834969122, 135.0, 208.0, 280.0, 338.0, 271.0, 343.0, 305.0, 426.0, 362.0, 472.0, 281.0, 425.0, 429.0, 353.0, 385.0, 309.0, 238.0, 310.0, 381.0, 452.0, 195.0, 0.0, 354.0, 496.0, 425.0, 266.0, 344.0, 345.0, 284.0, 203.0, 132.0, 62.0, 120.0, 191.0, 262.0, 266.0, 402.0, 511.0, 505.0, 608.0, 557.0, 538.0, 631.0, 627.0],
